{
 "cells": [
  {
   "cell_type": "code",
   "execution_count": 8,
   "metadata": {
    "collapsed": true
   },
   "outputs": [],
   "source": [
    "%matplotlib inline\n",
    "import numpy as np\n",
    "import scipy.stats as st\n",
    "import matplotlib.pyplot as plt\n",
    "import operator\n",
    "import pylab\n",
    "import math\n",
    "import scipy.io as io"
   ]
  },
  {
   "cell_type": "code",
   "execution_count": 9,
   "metadata": {},
   "outputs": [
    {
     "name": "stdout",
     "output_type": "stream",
     "text": [
      "['A', 'B', '__version__', '__header__', '__globals__']\n"
     ]
    }
   ],
   "source": [
    "data = io.loadmat(\"Homework 6 - 1.mat\")\n",
    "print data.keys()\n",
    "A = data['A'].T\n",
    "An = A.shape[0]\n",
    "B = data['B'].T\n",
    "Bn = B.shape[0]"
   ]
  },
  {
   "cell_type": "markdown",
   "metadata": {},
   "source": [
    "## 2 a"
   ]
  },
  {
   "cell_type": "code",
   "execution_count": 10,
   "metadata": {},
   "outputs": [
    {
     "name": "stdout",
     "output_type": "stream",
     "text": [
      "mu A = \n",
      "[ 1.97553533  1.17819908  5.12926973]\n",
      "\n",
      "cov A = \n",
      "[[  3.17847638   0.62616838   6.98312115]\n",
      " [  0.62616838   1.89231051   3.14464727]\n",
      " [  6.98312115   3.14464727  17.11088957]]\n",
      "\n",
      "mu B = \n",
      "[-2.09478963 -1.03792006 -4.17062975]\n",
      "\n",
      "cov B = \n",
      "[[  1.05577137   0.62695383   2.30967902]\n",
      " [  0.62695383   2.12579015   4.87853413]\n",
      " [  2.30967902   4.87853413  12.06674728]]\n"
     ]
    }
   ],
   "source": [
    "a_mu = np.mean(A, axis=0)\n",
    "a_cov = np.cov(A, rowvar=0)\n",
    "b_mu = np.mean(B, axis=0)\n",
    "b_cov = np.cov(B, rowvar=0)\n",
    "\n",
    "print \"mu A = \"\n",
    "print a_mu\n",
    "print\n",
    "print \"cov A = \"\n",
    "print a_cov\n",
    "print\n",
    "print \"mu B = \"\n",
    "print b_mu\n",
    "print\n",
    "print \"cov B = \"\n",
    "print b_cov"
   ]
  },
  {
   "cell_type": "code",
   "execution_count": 11,
   "metadata": {},
   "outputs": [
    {
     "name": "stdout",
     "output_type": "stream",
     "text": [
      "[[  6.30975625   2.79444321  14.20844268]\n",
      " [  2.79444321   3.16267569   8.78605221]\n",
      " [ 14.20844268   8.78605221  35.86375618]]\n"
     ]
    }
   ],
   "source": [
    "AB = np.concatenate((A,B), axis = 0)\n",
    "ab_mu = np.mean(AB, axis=0)\n",
    "ab_cov = np.cov(AB, rowvar = 0)\n",
    "print ab_cov\n",
    "ab_norm = AB - ab_mu"
   ]
  },
  {
   "cell_type": "code",
   "execution_count": 12,
   "metadata": {},
   "outputs": [
    {
     "name": "stdout",
     "output_type": "stream",
     "text": [
      "43.6735942842\n",
      "[-0.36104271 -0.22137565 -0.90589237]\n",
      "0.963327445477\n"
     ]
    }
   ],
   "source": [
    "eigvals, eigvecs = np.linalg.eig(ab_cov)\n",
    "print eigvals[0]\n",
    "print eigvecs[:,0]\n",
    "print eigvals[0] / sum([ab_cov[i,i] for i in range(3)])"
   ]
  },
  {
   "cell_type": "markdown",
   "metadata": {},
   "source": [
    "## 2 d"
   ]
  },
  {
   "cell_type": "code",
   "execution_count": 13,
   "metadata": {},
   "outputs": [
    {
     "name": "stdout",
     "output_type": "stream",
     "text": [
      "-4.15394557387\n",
      "\n",
      "20.4782002529\n",
      "\n",
      "0.13674018224\n",
      "\n",
      "0.156080603026\n"
     ]
    }
   ],
   "source": [
    "za = np.dot(A - ab_mu, eigvecs[:,0]).reshape((An,1))\n",
    "za_mu = np.mean(za, axis=0)[0]\n",
    "za_cov = np.cov(za, rowvar=0)\n",
    "\n",
    "zb = np.dot(B - ab_mu, eigvecs[:,1]).reshape((Bn,1))\n",
    "zb_mu = np.mean(zb, axis=0)[0]\n",
    "zb_cov = np.cov(zb, rowvar=0)\n",
    "\n",
    "print za_mu\n",
    "print\n",
    "print za_cov\n",
    "print\n",
    "print zb_mu\n",
    "print\n",
    "print zb_cov"
   ]
  },
  {
   "cell_type": "code",
   "execution_count": 14,
   "metadata": {},
   "outputs": [
    {
     "name": "stdout",
     "output_type": "stream",
     "text": [
      "[[0 0 0]\n",
      " [1 1 1]]\n",
      "[[0]\n",
      " [6]]\n"
     ]
    }
   ],
   "source": [
    "x =  np.array([[1,1,1],[2,2,2]])\n",
    "mu = 1\n",
    "print x - mu\n",
    "zx = np.dot(x - mu, np.array([1,2,3]))\n",
    "print zx.reshape( (2,1))"
   ]
  },
  {
   "cell_type": "markdown",
   "metadata": {},
   "source": [
    "$$\n",
    "p(a|x) = \\frac{p(xa) * p(a)}{p(xa) + p(xb)}\n",
    "$$"
   ]
  },
  {
   "cell_type": "code",
   "execution_count": 15,
   "metadata": {
    "collapsed": true
   },
   "outputs": [],
   "source": [
    "import math\n",
    "\n",
    "def translate(x):\n",
    "    return np.dot(eigvecs[:,0].T, x - ab_mu)\n",
    "    \n",
    "def p_x_a(z):\n",
    "    return  np.exp(-(z-za_mu)**2) / np.sqrt(2*math.pi*za_cov)\n",
    "\n",
    "def p_x_b(z):\n",
    "    return  np.exp(-(z-zb_mu)**2) / np.sqrt(2*math.pi*zb_cov)\n",
    "\n",
    "p_a = float(An) / (An + Bn)\n",
    "p_b = float(Bn) / (An + Bn)\n",
    "\n",
    "def p_a_x(x):\n",
    "    return p_x_a(x) * p_a / (p_x_a(x)*p_a + p_x_b(x)*p_b)\n",
    "\n",
    "def p_b_x(x):\n",
    "    return p_x_b(x) * p_b / (p_x_a(x)*p_a + p_x_b(x)*p_b)"
   ]
  },
  {
   "cell_type": "code",
   "execution_count": 18,
   "metadata": {},
   "outputs": [
    {
     "name": "stdout",
     "output_type": "stream",
     "text": [
      "1.0\n",
      "2.71770773998e-15\n",
      "2.87406568492e-66\n",
      "1.0\n",
      "1.0\n",
      "4.85088555903e-14\n"
     ]
    }
   ],
   "source": [
    "print p_a_x(translate(A[0,:]))\n",
    "print p_b_x(translate(A[0,:]))\n",
    "print p_a_x(translate(B[0,:]))\n",
    "print p_b_x(translate(B[0,:]))\n",
    "print p_a_x(translate([2,1,7]))\n",
    "print p_b_x(translate([2,1,7]))"
   ]
  },
  {
   "cell_type": "markdown",
   "metadata": {},
   "source": [
    "## 2 e"
   ]
  },
  {
   "cell_type": "code",
   "execution_count": 19,
   "metadata": {},
   "outputs": [
    {
     "name": "stdout",
     "output_type": "stream",
     "text": [
      "[-0.71335892 -0.56010964  0.42118434]\n",
      "0.114867788221\n",
      "0.965861134192\n"
     ]
    }
   ],
   "source": [
    "print eigvecs[:,1]\n",
    "print eigvals[1]\n",
    "print (eigvals[0] + eigvals[1]) / sum([ab_cov[i,i] for i in range(3)])"
   ]
  },
  {
   "cell_type": "code",
   "execution_count": 20,
   "metadata": {},
   "outputs": [
    {
     "name": "stdout",
     "output_type": "stream",
     "text": [
      "[-4.15394557 -0.09116012]\n",
      "\n",
      "[[ 20.47820025  -0.49667745]\n",
      " [ -0.49667745   0.06697779]]\n",
      "\n",
      "[ 6.23091836  0.13674018]\n",
      "\n",
      "[[ 13.71202914  -0.68089989]\n",
      " [ -0.68089989   0.1560806 ]]\n"
     ]
    }
   ],
   "source": [
    "za = np.dot(A - ab_mu, eigvecs[:,0:2])\n",
    "za_mu = np.mean(za, axis=0)\n",
    "za_cov = np.cov(za, rowvar=0)\n",
    "\n",
    "\n",
    "zb = np.dot(B - ab_mu, eigvecs[:,0:2])\n",
    "zb_mu = np.mean(zb, axis=0)\n",
    "zb_cov = np.cov(zb, rowvar=0)\n",
    "print za_mu\n",
    "print\n",
    "print za_cov\n",
    "print\n",
    "print zb_mu\n",
    "print\n",
    "print zb_cov"
   ]
  },
  {
   "cell_type": "code",
   "execution_count": 26,
   "metadata": {
    "collapsed": true
   },
   "outputs": [],
   "source": [
    "zab = np.dot(AB - ab_mu, eigvecs[:,0]) "
   ]
  },
  {
   "cell_type": "code",
   "execution_count": 27,
   "metadata": {
    "collapsed": true
   },
   "outputs": [],
   "source": [
    "def translate(x):\n",
    "    W = eigvecs[:,0:2]\n",
    "    z = np.dot(W.T, x-ab_mu)\n",
    "    return z\n",
    "\n",
    "def p_x_a(x):\n",
    "    z = translate(x)\n",
    "    return np.exp(-0.5 * np.dot(np.dot(z - za_mu, np.linalg.inv(za_cov)),z - za_mu)) / (2*math.pi*np.sqrt(np.linalg.det(za_cov)))\n",
    "\n",
    "def p_x_b(x):\n",
    "    z = translate(x)\n",
    "    return np.exp(-0.5 * np.dot(np.dot(z - zb_mu, np.linalg.inv(zb_cov)),z - zb_mu)) / (2*math.pi*np.sqrt(np.linalg.det(zb_cov)))"
   ]
  },
  {
   "cell_type": "code",
   "execution_count": 28,
   "metadata": {},
   "outputs": [
    {
     "name": "stdout",
     "output_type": "stream",
     "text": [
      "0.00123494249204\n",
      "0.998765057508\n",
      "0.394063027357\n",
      "0.605936972643\n"
     ]
    }
   ],
   "source": [
    "print p_a_x(B[32,:])\n",
    "print p_b_x(B[32,:])\n",
    "\n",
    "print p_a_x([2,1,7])\n",
    "print p_b_x([2,1,7])"
   ]
  },
  {
   "cell_type": "markdown",
   "metadata": {},
   "source": [
    "## 3 a"
   ]
  },
  {
   "cell_type": "code",
   "execution_count": 11,
   "metadata": {},
   "outputs": [
    {
     "name": "stdout",
     "output_type": "stream",
     "text": [
      "[ 4.40342298  3.11735941  3.14180929  2.78239609  3.08557457  3.58190709\n",
      "  3.35207824  2.86797066  1.64792176]\n",
      "\n",
      "[[  7.95694904   5.57508749   5.47206242   3.78653099   2.91147107\n",
      "    6.23770914   3.85026248   4.78623736   1.92914929]\n",
      " [  5.57508749   9.39305576   8.03233616   5.96922791   4.70806966\n",
      "    7.85801093   5.38995158   6.76798384   2.4752445 ]\n",
      " [  5.47206242   8.03233616   8.49454672   5.4917182    4.26479577\n",
      "    7.5937485    4.96710652   6.42563162   2.09661897]\n",
      " [  3.78653099   5.96922791   5.4917182    8.07263052   3.29807877\n",
      "    7.09752385   4.43464452   5.01286615   2.16094372]\n",
      " [  2.91147107   4.70806966   4.26479577   3.29807877   4.29903159\n",
      "    4.3005717    2.97715015   3.91083585   1.79981063]\n",
      " [  6.23770914   7.85801093   7.5937485    7.09752385   4.3005717\n",
      "   13.28310322   5.69413083   6.47407594   2.2519476 ]\n",
      " [  3.85026248   5.38995158   4.96710652   4.43464452   2.97715015\n",
      "    5.69413083   5.61593317   4.75002996   1.65122369]\n",
      " [  4.78623736   6.76798384   6.42563162   5.01286615   3.91083585\n",
      "    6.47407594   4.75002996   9.08056474   2.49751906]\n",
      " [  1.92914929   2.4752445    2.09661897   2.16094372   1.79981063\n",
      "    2.2519476    1.65122369   2.49751906   3.29240376]]\n",
      "\n",
      "[[ 0.30594442  0.07556383  0.81072228 -0.0415131   0.16222507  0.07718319\n",
      "   0.18669659 -0.37545494  0.18329738]\n",
      " [ 0.40847493  0.21586222 -0.05230523 -0.69973775 -0.24070951  0.08823484\n",
      "  -0.07516922  0.36411854  0.30037276]\n",
      " [ 0.38587786  0.17104055  0.04395065  0.69585625 -0.27382525  0.22758064\n",
      "   0.02181402  0.40707154  0.20673538]\n",
      " [ 0.3279959  -0.26824179 -0.51902796  0.01787358  0.14210057  0.29419454\n",
      "   0.36442577 -0.43714914  0.3465646 ]\n",
      " [ 0.22933326  0.19157895 -0.12290053  0.08980794  0.78511782 -0.13175222\n",
      "  -0.46576998  0.10807463  0.15856645]\n",
      " [ 0.45217453 -0.74405171  0.10794015 -0.03232207 -0.03761568 -0.01982373\n",
      "  -0.27528308  0.11678977 -0.37148473]\n",
      " [ 0.2830147   0.03707247 -0.09528128  0.07980728 -0.07944299 -0.88773236\n",
      "   0.32627806 -0.00829639  0.04663097]\n",
      " [ 0.35810558  0.46697417 -0.14888088 -0.04292141  0.07077654  0.17151129\n",
      "   0.18915649 -0.13060341 -0.736495  ]\n",
      " [ 0.13293126  0.19165174 -0.10330639  0.08238157 -0.43751992 -0.11259438\n",
      "  -0.62550139 -0.57201277  0.07475416]]\n",
      "[0.68738650363979181, 0.76148159849172947, 0.82309804119384722, 0.83534842260010955, 0.85562453756741352, 0.88243706605375016, 0.91692693228176914, 0.9591897656474051, 1.0]\n"
     ]
    }
   ],
   "source": [
    "t = io.loadmat(\"breast_cancer_train.mat\")['breast_cancer_train']\n",
    "v = io.loadmat(\"breast_cancer_val.mat\")[\"breast_cancer_val\"]\n",
    "\n",
    "x2_t = t[:,[2-1,11-1]]\n",
    "x2_v = v[:,[2-1,11-1]]\n",
    "x2_x7_t = t[:,[2-1,7-1,11-1]]\n",
    "x2_x7_v = v[:,[2-1,7-1,11-1]]\n",
    "all_x_t = t[:,1:]\n",
    "all_x_v = v[:,1:]\n",
    "\n",
    "mu = np.mean(all_x_t[:,:-1], axis=0)\n",
    "cov = np.cov(all_x_t[:,:-1], rowvar=0)\n",
    "eigvals, eigvecs = np.linalg.eig(cov)\n",
    "\n",
    "pca_1 = eigvecs[:,0]\n",
    "pca_1_2 = eigvecs[:,[0,1]]\n",
    "var_explained = [sum(eigvals[:i+1]) / sum(eigvals) for i in range(9)]\n",
    "pca_var_80 = eigvecs[:,:3]\n",
    "\n",
    "print(mu)\n",
    "print\n",
    "print(cov)\n",
    "print\n",
    "print(eigvecs)\n",
    "print(var_explained)"
   ]
  },
  {
   "cell_type": "code",
   "execution_count": 12,
   "metadata": {
    "collapsed": true
   },
   "outputs": [],
   "source": [
    "def translate(x):\n",
    "    return np.dot(eigvecs[:,0].T, x - ab_mu)\n",
    "\n",
    "def p_x_a(z):\n",
    "    return  np.exp(-(z-za_mu)**2) / np.sqrt(2*math.pi*za_cov)\n",
    "\n",
    "def p_x_b(z):\n",
    "    return  np.exp(-(z-zb_mu)**2) / np.sqrt(2*math.pi*zb_cov)\n",
    "\n",
    "def p_a_x(x):\n",
    "    return p_x_a(x) * p_a / (p_x_a(x)*p_a + p_x_b(x)*p_b)\n",
    "\n",
    "def p_b_x(x):\n",
    "    return p_x_b(x) * p_b / (p_x_a(x)*p_a + p_x_b(x)*p_b)"
   ]
  },
  {
   "cell_type": "code",
   "execution_count": 91,
   "metadata": {
    "collapsed": true
   },
   "outputs": [],
   "source": [
    "def translate(x, mu, eigvecs):\n",
    "    return np.dot(eigvecs.T, x - mu)\n",
    "    \n",
    "def p_x_c(x, c_mu, c_cov):\n",
    "    pxc = -1\n",
    "    if len(x) > 1:\n",
    "        pxc = np.exp(-0.5 * np.dot(np.dot(x - c_mu, np.linalg.inv(c_cov)),x - c_mu)) / (2*math.pi*np.sqrt(np.linalg.det(c_cov)))\n",
    "    else:\n",
    "        pxc = np.exp(-(x-c_mu)**2) / np.sqrt(2*math.pi*c_cov)\n",
    "#     print pxc\n",
    "    return pxc\n",
    "\n",
    "def p_c_x(x, c_mu, c_cov, p_c, p_x):\n",
    "    return p_x_c(x, c_mu, c_cov) * p_c / p_x\n",
    "\n",
    "def p_x(x, desc):\n",
    "    a = [p_x_c(x, desc['mus'][i], desc['covs'][i]) * desc['pcs'][i] for i in range(len(desc['classes']))]\n",
    "#     print a\n",
    "    return sum(a)\n",
    "\n",
    "def describe(x):\n",
    "    desc = {}\n",
    "    desc['classes'] = np.unique(x[:,-1])\n",
    "    desc['mus'] = np.array([np.mean(x[x[:,-1]==c,:-1], axis=0)[0] for c in desc['classes']])\n",
    "    desc['covs'] = np.array([np.cov(x[x[:,-1]==c,:-1], rowvar=0) for c in desc['classes']])\n",
    "    desc['pcs'] = np.array([x[x[:,-1]==c,:-1].shape[0] / float(x.shape[0]) for c in desc['classes']])\n",
    "#     print desc\n",
    "    return desc\n",
    "\n",
    "def x_pcx(x,c,desc):\n",
    "    return p_c_x(x, desc['mus'][c], desc['covs'][c], desc['pcs'][c], p_x(x, desc))"
   ]
  },
  {
   "cell_type": "markdown",
   "metadata": {},
   "source": [
    "### x2"
   ]
  },
  {
   "cell_type": "code",
   "execution_count": 113,
   "metadata": {},
   "outputs": [
    {
     "name": "stdout",
     "output_type": "stream",
     "text": [
      "{'pcs': array([ 0.65036675,  0.34963325]), 'covs': array([ 2.73929635,  6.21461637]), 'classes': array([2, 4]), 'mus': array([ 2.93609023,  7.13286713])}\n",
      "[5]\n",
      "2\n",
      "[ 0.78912377]\n",
      "[ 0.21087623]\n"
     ]
    }
   ],
   "source": [
    "x2_t_desc = describe(x2_t)\n",
    "print x2_t_desc\n",
    "def x2_t_pcx(x,c):\n",
    "    return x_pcx(x, c, x2_t_desc)\n",
    "\n",
    "x = x2_t[0,:-1]\n",
    "t = x2_t[0,-1]\n",
    "print x\n",
    "print t\n",
    "print x2_t_pcx(x,0)\n",
    "print x2_t_pcx(x,1)"
   ]
  },
  {
   "cell_type": "code",
   "execution_count": 114,
   "metadata": {},
   "outputs": [
    {
     "name": "stdout",
     "output_type": "stream",
     "text": [
      "{'pcs': array([ 0.65036675,  0.34963325]), 'covs': array([  3.56621022,  19.70997548]), 'classes': array([ 2.,  4.]), 'mus': array([-4.54912767,  8.46201371])}\n",
      "[-4.28950745]\n",
      "2.0\n",
      "[ 1.]\n",
      "[  5.91076451e-72]\n"
     ]
    }
   ],
   "source": [
    "x_t_pca_1 = np.stack((np.dot(all_x_t[:,:-1] - mu, pca_1), all_x_t[:,-1]), axis=1)\n",
    "x_t_pca_1_desc = describe(x_t_pca_1)\n",
    "print x_t_pca_1_desc\n",
    "def x_pca_1_pcx(x,c):\n",
    "    return x_pcx(x, c, x_t_pca_1_desc)\n",
    "\n",
    "x = x_t_pca_1[0,:-1]\n",
    "t = x_t_pca_1[0,-1]\n",
    "print x\n",
    "print t\n",
    "print x_pca_1_pcx(x,0)\n",
    "print x_pca_1_pcx(x,1)"
   ]
  },
  {
   "cell_type": "markdown",
   "metadata": {},
   "source": [
    "### x2 & x7"
   ]
  },
  {
   "cell_type": "code",
   "execution_count": 96,
   "metadata": {},
   "outputs": [
    {
     "name": "stdout",
     "output_type": "stream",
     "text": [
      "{'pcs': array([ 0.65036675,  0.34963325]), 'covs': array([[[ 2.73929635,  0.2196198 ],\n",
      "        [ 0.2196198 ,  1.47029366]],\n",
      "\n",
      "       [[ 6.21461637,  0.08155225],\n",
      "        [ 0.08155225,  9.08214321]]]), 'classes': array([2, 4]), 'mus': array([ 2.93609023,  7.13286713])}\n",
      "[5 1]\n",
      "2\n",
      "0.887657225184\n",
      "0.112342774816\n"
     ]
    }
   ],
   "source": [
    "x2_x7_t_desc = describe(x2_x7_t)\n",
    "print x2_x7_t_desc\n",
    "def x2_x7_t_pcx(x,c):\n",
    "    return x_pcx(x, c, x2_x7_t_desc)\n",
    "\n",
    "x = x2_x7_t[0,:-1]\n",
    "t = x2_x7_t[0,-1]\n",
    "print x\n",
    "print t\n",
    "print x2_x7_t_pcx(x,0)\n",
    "print x2_x7_t_pcx(x,1)"
   ]
  },
  {
   "cell_type": "markdown",
   "metadata": {},
   "source": [
    "### PCA 1 & 2"
   ]
  },
  {
   "cell_type": "code",
   "execution_count": 125,
   "metadata": {},
   "outputs": [
    {
     "name": "stdout",
     "output_type": "stream",
     "text": [
      "{'pcs': array([ 0.65036675,  0.34963325]), 'covs': array([[[  3.56621022,   0.12858286],\n",
      "        [  0.12858286,   0.93153259]],\n",
      "\n",
      "       [[ 19.70997548,   3.59290625],\n",
      "        [  3.59290625,  12.9226298 ]]]), 'classes': array([ 2.,  4.]), 'mus': array([-4.54912767,  8.46201371])}\n",
      "[-4.28950745  0.83327769]\n",
      "2.0\n",
      "0.000528870688041\n",
      "0.999471129312\n"
     ]
    }
   ],
   "source": [
    "x_t_pca_1_2 = np.concatenate((np.dot(all_x_t[:,:-1] - mu, pca_1_2), all_x_t[:,-1].reshape((all_x_t[:,-1].shape[0],1))), axis=1)\n",
    "x_t_pca_1_2_desc = describe(x_t_pca_1_2)\n",
    "print x_t_pca_1_2_desc\n",
    "def x_pca_1_2_pcx(x,c):\n",
    "    return x_pcx(x, c, x_t_pca_1_2_desc)\n",
    "\n",
    "x = x_t_pca_1_2[0,:-1]\n",
    "t = x_t_pca_1_2[0,-1]\n",
    "print x\n",
    "print t\n",
    "print x_pca_1_2_pcx(x,0)\n",
    "print x_pca_1_2_pcx(x,1)"
   ]
  },
  {
   "cell_type": "markdown",
   "metadata": {},
   "source": [
    "### x2 - x10"
   ]
  },
  {
   "cell_type": "code",
   "execution_count": 97,
   "metadata": {},
   "outputs": [
    {
     "name": "stdout",
     "output_type": "stream",
     "text": [
      "{'pcs': array([ 0.65036675,  0.34963325]), 'covs': array([[[  2.73929635e+00,   3.97134345e-01,   4.87629451e-01,\n",
      "           3.36118598e-01,   1.93261456e-01,   2.19619804e-01,\n",
      "           2.99163002e-01,   5.10341892e-01,   1.04979430e-03],\n",
      "        [  3.97134345e-01,   6.97063413e-01,   6.00624202e-01,\n",
      "           1.80053908e-01,   2.60916442e-01,   4.26783941e-01,\n",
      "           2.89941836e-01,   5.38572847e-01,   3.33380621e-02],\n",
      "        [  4.87629451e-01,   6.00624202e-01,   9.99985814e-01,\n",
      "           1.94878706e-01,   2.78975741e-01,   4.02993332e-01,\n",
      "           2.20768903e-01,   4.94963825e-01,   9.44814867e-03],\n",
      "        [  3.36118598e-01,   1.80053908e-01,   1.94878706e-01,\n",
      "           8.71967655e-01,   1.85714286e-01,   4.39083558e-01,\n",
      "           1.39083558e-01,   2.93261456e-01,   5.98382749e-02],\n",
      "        [  1.93261456e-01,   2.60916442e-01,   2.78975741e-01,\n",
      "           1.85714286e-01,   7.45822102e-01,   3.02156334e-01,\n",
      "           1.07816712e-01,   3.40161725e-01,  -5.39083558e-03],\n",
      "        [  2.19619804e-01,   4.26783941e-01,   4.02993332e-01,\n",
      "           4.39083558e-01,   3.02156334e-01,   1.47029366e+00,\n",
      "           2.78138743e-01,   5.13576394e-01,   1.15874592e-01],\n",
      "        [  2.99163002e-01,   2.89941836e-01,   2.20768903e-01,\n",
      "           1.39083558e-01,   1.07816712e-01,   2.78138743e-01,\n",
      "           1.28489147e+00,   4.33338062e-01,  -9.44814867e-03],\n",
      "        [  5.10341892e-01,   5.38572847e-01,   4.94963825e-01,\n",
      "           2.93261456e-01,   3.40161725e-01,   5.13576394e-01,\n",
      "           4.33338062e-01,   1.08196907e+00,   5.22059867e-02],\n",
      "        [  1.04979430e-03,   3.33380621e-02,   9.44814867e-03,\n",
      "           5.98382749e-02,  -5.39083558e-03,   1.15874592e-01,\n",
      "          -9.44814867e-03,   5.22059867e-02,   2.43382040e-01]],\n",
      "\n",
      "       [[  6.21461637e+00,   1.05515611e+00,   1.31424210e+00,\n",
      "          -9.52378607e-01,   3.19117502e-02,   8.15522506e-02,\n",
      "           4.66069142e-01,   5.37919827e-01,   1.03836305e+00],\n",
      "        [  1.05515611e+00,   8.15286122e+00,   5.31576874e+00,\n",
      "           3.00059096e+00,   3.21077514e+00,   2.90603762e-01,\n",
      "           2.56914213e+00,   3.32340195e+00,   1.49847336e+00],\n",
      "        [  1.31424210e+00,   5.31576874e+00,   6.74569093e+00,\n",
      "           2.30414656e+00,   2.40382153e+00,   6.69703536e-01,\n",
      "           2.11331626e+00,   3.19068256e+00,   7.37762238e-01],\n",
      "        [ -9.52378607e-01,   3.00059096e+00,   2.30414656e+00,\n",
      "           1.06839358e+01,   1.38545258e+00,   2.64232247e+00,\n",
      "           2.73175416e+00,   1.94582882e+00,   1.72377622e+00],\n",
      "        [  3.19117502e-02,   3.21077514e+00,   2.40382153e+00,\n",
      "           1.38545258e+00,   5.44991628e+00,  -2.54752290e-01,\n",
      "           1.41485275e+00,   2.12730228e+00,   2.06938836e+00],\n",
      "        [  8.15522506e-02,   2.90603762e-01,   6.69703536e-01,\n",
      "           2.64232247e+00,  -2.54752290e-01,   9.08214321e+00,\n",
      "           6.72855314e-01,  -8.85157096e-01,  -5.49591254e-01],\n",
      "        [  4.66069142e-01,   2.56914213e+00,   2.11331626e+00,\n",
      "           2.73175416e+00,   1.41485275e+00,   6.72855314e-01,\n",
      "           5.00256082e+00,   2.16901408e+00,   8.43790013e-01],\n",
      "        [  5.37919827e-01,   3.32340195e+00,   3.19068256e+00,\n",
      "           1.94582882e+00,   2.12730228e+00,  -8.85157096e-01,\n",
      "           2.16901408e+00,   1.10379198e+01,   2.29252438e+00],\n",
      "        [  1.03836305e+00,   1.49847336e+00,   7.37762238e-01,\n",
      "           1.72377622e+00,   2.06938836e+00,  -5.49591254e-01,\n",
      "           8.43790013e-01,   2.29252438e+00,   7.24820250e+00]]]), 'classes': array([2, 4]), 'mus': array([ 2.93609023,  7.13286713])}\n",
      "[5 1 1 1 2 1 2 2 1]\n",
      "2\n",
      "0.983824760669\n",
      "0.0161752393314\n"
     ]
    }
   ],
   "source": [
    "all_x_t_desc = describe(all_x_t)\n",
    "print all_x_t_desc\n",
    "def all_x_t_pcx(x,c):\n",
    "    return x_pcx(x, c, all_x_t_desc)\n",
    "\n",
    "x = all_x_t[0,:-1]\n",
    "t = all_x_t[0,-1]\n",
    "print x\n",
    "print t\n",
    "print all_x_t_pcx(x,0)\n",
    "print all_x_t_pcx(x,1)"
   ]
  },
  {
   "cell_type": "markdown",
   "metadata": {},
   "source": [
    "### PCA explaining > 80% variation"
   ]
  },
  {
   "cell_type": "code",
   "execution_count": 127,
   "metadata": {},
   "outputs": [
    {
     "name": "stdout",
     "output_type": "stream",
     "text": [
      "{'pcs': array([ 0.65036675,  0.34963325]), 'covs': array([[[  3.56621022,   0.12858286,   0.6351888 ],\n",
      "        [  0.12858286,   0.93153259,   0.31212293],\n",
      "        [  0.6351888 ,   0.31212293,   1.69077815]],\n",
      "\n",
      "       [[ 19.70997548,   3.59290625,  -4.41095285],\n",
      "        [  3.59290625,  12.9226298 ,  -0.47097832],\n",
      "        [ -4.41095285,  -0.47097832,   9.05294776]]]), 'classes': array([ 2.,  4.]), 'mus': array([-4.54912767,  8.46201371])}\n",
      "[-4.28950745  0.83327769  1.60509944]\n",
      "2.0\n",
      "0.000489748796797\n",
      "0.999510251203\n"
     ]
    }
   ],
   "source": [
    "x_t_pca_var_80 = np.concatenate((np.dot(all_x_t[:,:-1] - mu, pca_var_80), all_x_t[:,-1].reshape((all_x_t[:,-1].shape[0],1))), axis=1)\n",
    "x_t_pca_var_80_desc = describe(x_t_pca_var_80)\n",
    "print x_t_pca_var_80_desc\n",
    "def x_pca_var_80_pcx(x,c):\n",
    "    return x_pcx(x, c, x_t_pca_var_80_desc)\n",
    "\n",
    "x = x_t_pca_var_80[0,:-1]\n",
    "t = x_t_pca_var_80[0,-1]\n",
    "print x\n",
    "print t\n",
    "print x_pca_var_80_pcx(x,0)\n",
    "print x_pca_var_80_pcx(x,1)"
   ]
  },
  {
   "cell_type": "markdown",
   "metadata": {},
   "source": [
    "## 4A"
   ]
  },
  {
   "cell_type": "code",
   "execution_count": 297,
   "metadata": {
    "collapsed": true
   },
   "outputs": [],
   "source": [
    "%matplotlib inline\n",
    "import numpy as np\n",
    "import matplotlib.pyplot as plt\n",
    "import pylab\n",
    "pylab.rcParams['figure.figsize'] = (10.0, 8.0)\n",
    "\n",
    "import time\n",
    "from IPython import display\n",
    "\n",
    "xx,yy = np.mgrid[-5:10:.5,-5:10:.5]\n",
    "\n",
    "def plotHeat(w):\n",
    "    \"\"\" \n",
    "    Plot a weight vector w = [w_0,w_1,w_2] as a colour map\n",
    "    \"\"\"\n",
    "    display.clear_output(wait=True)\n",
    "    display.display(plt.gcf())\n",
    "    p = np.zeros(xx.shape)\n",
    "    for i in range(xx.shape[0]):\n",
    "        for j in range(xx.shape[1]):\n",
    "            p[i,j] = sigma(w.dot(np.array([1., xx[i,j], yy[i,j]])))\n",
    "    plt.pcolor(xx,yy,p,cmap='seismic')\n",
    "    plt.xlim([-5,10])\n",
    "    plt.ylim([-5,10])\n",
    "    plt.scatter(d[:,0],d[:,1],20,colours)\n",
    "    time.sleep(.01)\n",
    "\n",
    "def sigma(a):\n",
    "    return 1./(1.+np.exp(-a))\n",
    "\n",
    "prob = 1.\n",
    "def errorfunction(w, d, l):\n",
    "    #extend the data with a 1 in column 0\n",
    "    v = np.ones((d.shape[0],d.shape[1]+1))\n",
    "    v[:,1:] = d\n",
    "    som = 0\n",
    "    for x,c in zip(v,l):\n",
    "        wdotx = w.dot(np.array([1.] + x))\n",
    "        sig = sigma(w.dot(np.array([1.] + x)))\n",
    "        som += (1-c)*wdotx + np.log(1 + np.exp(-1*wdotx))\n",
    "    return som"
   ]
  },
  {
   "cell_type": "code",
   "execution_count": 298,
   "metadata": {
    "collapsed": true
   },
   "outputs": [],
   "source": [
    "def calcgradient(d, l):\n",
    "    eta = 10**-3\n",
    "\n",
    "    w = np.array([0,-1,-1,-1,-1,-1,-1,-1,-1,-1])\n",
    "    #extend the data with a 1 in column 0\n",
    "    v = np.ones((d.shape[0],d.shape[1]+1))\n",
    "    v[:,1:] = d\n",
    "    count = 0\n",
    "    notimprovedfor = 0\n",
    "    besterror = 1000000\n",
    "    bestw = w\n",
    "    while notimprovedfor < 200:\n",
    "        misclassified = 0\n",
    "        gradient = 0\n",
    "        for x,c in zip(v,l):\n",
    "            w = w - eta * (1-c-1 + sigma(w.dot(x))) * x\n",
    "            misclassified += 1\n",
    "            error = errorfunction(w, d, l)\n",
    "            if error >= besterror - 0.01:\n",
    "                notimprovedfor += 1\n",
    "            else:\n",
    "                besterror = error\n",
    "                notimprovedfor = 0\n",
    "                bestw = w\n",
    "        count += 1\n",
    "\n",
    "    print bestw\n",
    "    print count\n",
    "    return bestw\n"
   ]
  },
  {
   "cell_type": "code",
   "execution_count": 299,
   "metadata": {
    "collapsed": true
   },
   "outputs": [],
   "source": [
    "import scipy.io as sio\n",
    "mat_contents = sio.loadmat(\"breast_cancer_train.mat\")\n",
    "d_train = mat_contents[\"breast_cancer_train\"][0:, 1:10]\n",
    "l_train = mat_contents[\"breast_cancer_train\"][0:, 10]\n",
    "\n",
    "l_train = [1 if x==4 else 0 for x in l_train]\n",
    "\n",
    "mu = np.mean(d_train[0:, 1:])"
   ]
  },
  {
   "cell_type": "code",
   "execution_count": 301,
   "metadata": {},
   "outputs": [
    {
     "name": "stdout",
     "output_type": "stream",
     "text": [
      "[-2.98864262  0.01517529  0.39114915  0.28670746  0.10435207 -0.42096542\n",
      "  0.47209724 -0.07503794  0.25464225  0.15994835]\n",
      "128\n"
     ]
    }
   ],
   "source": [
    "weights = calcgradient(d_train, l_train)"
   ]
  },
  {
   "cell_type": "code",
   "execution_count": null,
   "metadata": {
    "collapsed": true
   },
   "outputs": [],
   "source": [
    "#I don't want to have to run the calcgradient every time ...\n",
    "weights = np.array([-2.98864262, 0.01517529, 0.39114915, 0.28670746, 0.10435207, -0.42096542, 0.47209724, -0.07503794, 0.25464225, 0.15994835])"
   ]
  },
  {
   "cell_type": "code",
   "execution_count": 302,
   "metadata": {
    "collapsed": true
   },
   "outputs": [],
   "source": [
    "def logistic_classifier(x):\n",
    "    return sigma(weights.dot(x))\n",
    "    print \"sure, it was defined.\"\n",
    "\n",
    "def load_data(filename):\n",
    "    mat_contents = sio.loadmat(filename+\".mat\")\n",
    "    d = mat_contents[filename][0:, 1:10]\n",
    "    l = mat_contents[filename][0:, 10]\n",
    "    l = [1 if x==4 else 0 for x in l]\n",
    "    return d, l\n",
    "    \n",
    "def test_cancer(classifier):\n",
    "    d_test, l_test = load_data(\"breast_cancer_val\")\n",
    "    #extend the data with a 1 in column 0\n",
    "    v = np.ones((d_test.shape[0],d_test.shape[1]+1))\n",
    "    v[:,1:] = d_test\n",
    "\n",
    "    correct = wrong = 0\n",
    "    for point, label in zip(v,l_test):\n",
    "        pred = classifier(point)\n",
    "        if (pred > 0.5 and label == 1) or (pred <= 0.5 and label == 0):\n",
    "            correct += 1\n",
    "        else:\n",
    "            wrong += 1\n",
    "            \n",
    "    return float(correct) / (correct + wrong)"
   ]
  },
  {
   "cell_type": "code",
   "execution_count": 303,
   "metadata": {},
   "outputs": [
    {
     "data": {
      "text/plain": [
       "0.9671532846715328"
      ]
     },
     "execution_count": 303,
     "metadata": {},
     "output_type": "execute_result"
    }
   ],
   "source": [
    "test_cancer(logistic_classifier)"
   ]
  },
  {
   "cell_type": "code",
   "execution_count": null,
   "metadata": {
    "collapsed": true
   },
   "outputs": [],
   "source": []
  }
 ],
 "metadata": {
  "kernelspec": {
   "display_name": "Python 2",
   "language": "python",
   "name": "python2"
  },
  "language_info": {
   "codemirror_mode": {
    "name": "ipython",
    "version": 2
   },
   "file_extension": ".py",
   "mimetype": "text/x-python",
   "name": "python",
   "nbconvert_exporter": "python",
   "pygments_lexer": "ipython2",
   "version": "2.7.13"
  }
 },
 "nbformat": 4,
 "nbformat_minor": 2
}
